1.0000 0.0010 0.0005
2.0000 0.0000 0.0000
3.0000 0.2998 0.1247
4.0000 0.0243 0.0059
5.0000 0.9738 0.0067
6.0000 0.0018 0.0008
7.0000 0.0040 0.0022
8.0000 0.9877 0.0049
9.0000 0.5685 0.0481
10.0000 0.9907 0.0038
11.0000 0.3530 0.0085
12.0000 0.3388 0.0303
13.0000 0.0877 0.0359
14.0000 0.4275 0.0286
15.0000 0.0028 0.0008
16.0000 0.9823 0.0028
17.0000 0.1338 0.0723
18.0000 0.5675 0.0505
19.0000 0.0003 0.0003
20.0000 0.0000 0.0000
21.0000 0.0113 0.0022
22.0000 0.0007 0.0005
23.0000 0.9737 0.0109
24.0000 0.0023 0.0006
25.0000 0.4872 0.0747
26.0000 0.0000 0.0000
27.0000 0.0000 0.0000
28.0000 0.0000 0.0000
29.0000 0.0000 0.0000
30.0000 0.0000 0.0000
31.0000 0.0000 0.0000
32.0000 0.0000 0.0000
33.0000 0.0083 0.0025
34.0000 0.0000 0.0000
35.0000 0.1995 0.0093
36.0000 0.0000 0.0000
37.0000 0.0000 0.0000
38.0000 0.0000 0.0000
39.0000 0.0000 0.0000
40.0000 0.0000 0.0000
41.0000 0.3733 0.0811
42.0000 0.0722 0.0272
43.0000 0.4473 0.0766
44.0000 0.0000 0.0000
45.0000 0.0000 0.0000
46.0000 0.0000 0.0000
47.0000 0.0000 0.0000
48.0000 0.0000 0.0000
49.0000 0.6940 0.0504
50.0000 0.0002 0.0002
51.0000 0.9753 0.0069
52.0000 0.0398 0.0137
53.0000 0.8063 0.0161
54.0000 0.0002 0.0002
55.0000 0.0052 0.0034
56.0000 0.0000 0.0000
57.0000 0.0000 0.0000
58.0000 0.0000 0.0000
59.0000 0.0058 0.0053
60.0000 0.0778 0.0825
61.0000 0.0175 0.0054
62.0000 0.9898 0.0025
63.0000 0.2787 0.0799
64.0000 0.9960 0.0010
65.0000 0.0467 0.0154
66.0000 0.7397 0.0671
67.0000 0.0018 0.0013
68.0000 0.0000 0.0000
69.0000 0.0000 0.0000
70.0000 0.0000 0.0000
71.0000 0.0000 0.0000
72.0000 0.0000 0.0000
73.0000 0.0000 0.0000
74.0000 0.0000 0.0000
75.0000 0.0000 0.0000
76.0000 0.0000 0.0000
77.0000 0.0000 0.0000
78.0000 0.0000 0.0000
79.0000 0.0000 0.0000
80.0000 0.0000 0.0000
81.0000 0.0000 0.0000
82.0000 0.0000 0.0000
83.0000 0.0000 0.0000
84.0000 0.0000 0.0000
85.0000 0.0000 0.0000
86.0000 0.0000 0.0000
87.0000 0.0000 0.0000
88.0000 0.0000 0.0000
89.0000 0.0000 0.0000
90.0000 0.0000 0.0000
91.0000 0.0000 0.0000
92.0000 0.0000 0.0000
93.0000 0.0000 0.0000
94.0000 0.0000 0.0000
95.0000 0.0000 0.0000
96.0000 0.1732 0.0105
97.0000 0.0067 0.0031
98.0000 0.0005 0.0003
99.0000 0.0000 0.0000
100.0000 0.0000 0.0000
101.0000 0.0000 0.0000
102.0000 0.0000 0.0000
103.0000 0.0000 0.0000
104.0000 0.0000 0.0000
105.0000 0.0000 0.0000
106.0000 0.0000 0.0000
107.0000 0.0000 0.0000
108.0000 0.0000 0.0000
109.0000 0.0000 0.0000
110.0000 0.0000 0.0000
111.0000 0.0000 0.0000
112.0000 0.0000 0.0000
113.0000 0.0000 0.0000
114.0000 0.0000 0.0000
115.0000 0.0000 0.0000
116.0000 0.0000 0.0000
117.0000 0.0000 0.0000
118.0000 0.0000 0.0000
119.0000 0.0000 0.0000
120.0000 0.0000 0.0000
121.0000 0.0000 0.0000
122.0000 0.0000 0.0000
123.0000 0.0000 0.0000
124.0000 0.0000 0.0000
125.0000 0.0000 0.0000
126.0000 0.0000 0.0000
127.0000 0.0000 0.0000
128.0000 0.0000 0.0000
129.0000 0.0000 0.0000
130.0000 0.0000 0.0000
131.0000 0.0000 0.0000
132.0000 0.0000 0.0000
133.0000 0.0000 0.0000
134.0000 0.0000 0.0000
135.0000 0.0000 0.0000
136.0000 0.0000 0.0000
137.0000 0.0000 0.0000
138.0000 0.0000 0.0000
139.0000 0.0000 0.0000
140.0000 0.0000 0.0000
141.0000 0.0000 0.0000
142.0000 0.0000 0.0000
143.0000 0.0000 0.0000
144.0000 0.0000 0.0000
145.0000 0.0000 0.0000
146.0000 0.0000 0.0000
147.0000 0.0000 0.0000
148.0000 0.0000 0.0000
149.0000 0.0000 0.0000
150.0000 0.0000 0.0000
151.0000 0.0000 0.0000
152.0000 0.0000 0.0000
153.0000 0.0000 0.0000
154.0000 0.0000 0.0000
155.0000 0.0000 0.0000
156.0000 0.1747 0.0831
157.0000 0.0000 0.0000
158.0000 0.0000 0.0000
159.0000 0.0000 0.0000
160.0000 0.0325 0.0235
161.0000 0.0000 0.0000
162.0000 0.0000 0.0000
163.0000 0.0000 0.0000
164.0000 0.0000 0.0000
165.0000 0.0000 0.0000
166.0000 0.0000 0.0000
167.0000 0.0000 0.0000
168.0000 0.0000 0.0000
169.0000 0.0000 0.0000
170.0000 0.0000 0.0000
171.0000 0.0000 0.0000
172.0000 0.0000 0.0000
173.0000 0.0000 0.0000
174.0000 0.0000 0.0000
175.0000 0.0000 0.0000
176.0000 0.0000 0.0000
177.0000 0.0000 0.0000
178.0000 0.0000 0.0000
179.0000 0.0000 0.0000
180.0000 0.0000 0.0000
181.0000 0.0000 0.0000
182.0000 0.0000 0.0000
183.0000 0.0000 0.0000
184.0000 0.0000 0.0000
185.0000 0.0000 0.0000
186.0000 0.0000 0.0000
187.0000 0.0000 0.0000
188.0000 0.0000 0.0000
189.0000 0.0000 0.0000
190.0000 0.0000 0.0000
191.0000 0.0000 0.0000
192.0000 0.0000 0.0000
193.0000 0.0000 0.0000
194.0000 0.0000 0.0000
195.0000 0.0000 0.0000
196.0000 0.0002 0.0002
197.0000 0.0145 0.0083
198.0000 0.0000 0.0000
199.0000 0.0610 0.0825
200.0000 0.5402 0.2080
201.0000 0.1927 0.1230
202.0000 0.0103 0.0057
203.0000 0.3382 0.1903
204.0000 0.8050 0.1580
205.0000 0.1370 0.0919
206.0000 0.0010 0.0004
207.0000 0.3240 0.1525
208.0000 0.1063 0.0377
209.0000 0.0027 0.0019
210.0000 0.0000 0.0000
211.0000 0.0407 0.0138
212.0000 0.0013 0.0011
213.0000 0.0000 0.0000
214.0000 0.0000 0.0000
215.0000 0.0000 0.0000
216.0000 0.0000 0.0000
217.0000 0.0000 0.0000
218.0000 0.0000 0.0000
219.0000 0.0000 0.0000
220.0000 0.0000 0.0000
221.0000 0.0000 0.0000
222.0000 0.0000 0.0000
223.0000 0.0000 0.0000
224.0000 0.0000 0.0000
225.0000 0.0000 0.0000
226.0000 0.0000 0.0000
227.0000 0.0000 0.0000
228.0000 0.0000 0.0000
229.0000 0.0000 0.0000
230.0000 0.0000 0.0000
231.0000 0.0000 0.0000
232.0000 0.0000 0.0000
233.0000 0.0000 0.0000
234.0000 0.0000 0.0000
235.0000 0.0000 0.0000
236.0000 0.0038 0.0016
237.0000 0.0000 0.0000
238.0000 0.0000 0.0000
239.0000 0.5617 0.1692
240.0000 0.7450 0.0969
241.0000 0.0747 0.0763
242.0000 0.1415 0.1376
243.0000 0.0000 0.0000
244.0000 0.0000 0.0000
245.0000 0.0000 0.0000
246.0000 0.0248 0.0164
247.0000 0.2697 0.1553
248.0000 0.0042 0.0027
249.0000 0.0010 0.0009
250.0000 0.1508 0.1428
251.0000 0.0667 0.0560
252.0000 0.0065 0.0067
253.0000 0.0015 0.0015
254.0000 0.0245 0.0105
