Residue HelixFraction
1.000000000000000000e+00 0.000000000000000000e+00
2.000000000000000000e+00 0.000000000000000000e+00
3.000000000000000000e+00 0.000000000000000000e+00
4.000000000000000000e+00 0.000000000000000000e+00
5.000000000000000000e+00 0.000000000000000000e+00
6.000000000000000000e+00 0.000000000000000000e+00
7.000000000000000000e+00 0.000000000000000000e+00
8.000000000000000000e+00 0.000000000000000000e+00
9.000000000000000000e+00 0.000000000000000000e+00
1.000000000000000000e+01 0.000000000000000000e+00
1.100000000000000000e+01 0.000000000000000000e+00
1.200000000000000000e+01 0.000000000000000000e+00
1.300000000000000000e+01 0.000000000000000000e+00
1.400000000000000000e+01 0.000000000000000000e+00
1.500000000000000000e+01 0.000000000000000000e+00
1.600000000000000000e+01 0.000000000000000000e+00
1.700000000000000000e+01 0.000000000000000000e+00
1.800000000000000000e+01 0.000000000000000000e+00
1.900000000000000000e+01 0.000000000000000000e+00
2.000000000000000000e+01 0.000000000000000000e+00
2.100000000000000000e+01 0.000000000000000000e+00
2.200000000000000000e+01 0.000000000000000000e+00
2.300000000000000000e+01 0.000000000000000000e+00
2.400000000000000000e+01 0.000000000000000000e+00
2.500000000000000000e+01 0.000000000000000000e+00
2.600000000000000000e+01 0.000000000000000000e+00
2.700000000000000000e+01 0.000000000000000000e+00
2.800000000000000000e+01 0.000000000000000000e+00
2.900000000000000000e+01 0.000000000000000000e+00
3.000000000000000000e+01 0.000000000000000000e+00
3.100000000000000000e+01 0.000000000000000000e+00
3.200000000000000000e+01 0.000000000000000000e+00
3.300000000000000000e+01 0.000000000000000000e+00
3.400000000000000000e+01 0.000000000000000000e+00
3.500000000000000000e+01 0.000000000000000000e+00
3.600000000000000000e+01 0.000000000000000000e+00
3.700000000000000000e+01 0.000000000000000000e+00
3.800000000000000000e+01 0.000000000000000000e+00
3.900000000000000000e+01 0.000000000000000000e+00
4.000000000000000000e+01 0.000000000000000000e+00
4.100000000000000000e+01 0.000000000000000000e+00
4.200000000000000000e+01 0.000000000000000000e+00
4.300000000000000000e+01 0.000000000000000000e+00
4.400000000000000000e+01 0.000000000000000000e+00
4.500000000000000000e+01 0.000000000000000000e+00
4.600000000000000000e+01 0.000000000000000000e+00
4.700000000000000000e+01 0.000000000000000000e+00
4.800000000000000000e+01 0.000000000000000000e+00
4.900000000000000000e+01 0.000000000000000000e+00
5.000000000000000000e+01 0.000000000000000000e+00
5.100000000000000000e+01 0.000000000000000000e+00
5.200000000000000000e+01 0.000000000000000000e+00
5.300000000000000000e+01 0.000000000000000000e+00
5.400000000000000000e+01 0.000000000000000000e+00
5.500000000000000000e+01 0.000000000000000000e+00
5.600000000000000000e+01 0.000000000000000000e+00
5.700000000000000000e+01 0.000000000000000000e+00
5.800000000000000000e+01 0.000000000000000000e+00
5.900000000000000000e+01 0.000000000000000000e+00
6.000000000000000000e+01 0.000000000000000000e+00
6.100000000000000000e+01 0.000000000000000000e+00
6.200000000000000000e+01 0.000000000000000000e+00
6.300000000000000000e+01 0.000000000000000000e+00
6.400000000000000000e+01 0.000000000000000000e+00
6.500000000000000000e+01 0.000000000000000000e+00
6.600000000000000000e+01 0.000000000000000000e+00
6.700000000000000000e+01 0.000000000000000000e+00
6.800000000000000000e+01 0.000000000000000000e+00
6.900000000000000000e+01 9.651666666666666172e-01
7.000000000000000000e+01 9.658333333333333215e-01
7.100000000000000000e+01 9.808333333333333348e-01
7.200000000000000000e+01 9.976666666666667016e-01
7.300000000000000000e+01 8.705000000000000515e-01
7.400000000000000000e+01 8.689999999999999947e-01
7.500000000000000000e+01 9.985000000000000542e-01
7.600000000000000000e+01 9.986666666666667025e-01
7.700000000000000000e+01 9.981666666666666465e-01
7.800000000000000000e+01 9.976666666666667016e-01
7.900000000000000000e+01 5.743333333333333623e-01
8.000000000000000000e+01 8.443333333333333801e-01
8.100000000000000000e+01 8.485000000000000320e-01
8.200000000000000000e+01 8.489999999999999769e-01
8.300000000000000000e+01 9.383333333333333803e-02
8.400000000000000000e+01 1.433333333333333334e-02
8.500000000000000000e+01 0.000000000000000000e+00
8.600000000000000000e+01 3.981666666666666687e-01
8.700000000000000000e+01 3.981666666666666687e-01
8.800000000000000000e+01 3.981666666666666687e-01
8.900000000000000000e+01 0.000000000000000000e+00
9.000000000000000000e+01 0.000000000000000000e+00
9.100000000000000000e+01 0.000000000000000000e+00
9.200000000000000000e+01 0.000000000000000000e+00
9.300000000000000000e+01 0.000000000000000000e+00
9.400000000000000000e+01 0.000000000000000000e+00
9.500000000000000000e+01 0.000000000000000000e+00
9.600000000000000000e+01 0.000000000000000000e+00
9.700000000000000000e+01 0.000000000000000000e+00
9.800000000000000000e+01 0.000000000000000000e+00
9.900000000000000000e+01 0.000000000000000000e+00
1.000000000000000000e+02 0.000000000000000000e+00
1.010000000000000000e+02 0.000000000000000000e+00
1.020000000000000000e+02 0.000000000000000000e+00
1.030000000000000000e+02 8.841666666666666563e-01
1.040000000000000000e+02 8.938333333333333686e-01
1.050000000000000000e+02 9.168333333333332780e-01
1.060000000000000000e+02 9.334999999999999964e-01
1.070000000000000000e+02 8.870000000000000107e-01
1.080000000000000000e+02 9.946666666666666989e-01
1.090000000000000000e+02 9.995000000000000551e-01
1.100000000000000000e+02 9.848333333333333384e-01
1.110000000000000000e+02 9.271666666666666945e-01
1.120000000000000000e+02 6.414999999999999591e-01
1.130000000000000000e+02 2.058333333333333404e-01
1.140000000000000000e+02 5.816666666666666513e-02
1.150000000000000000e+02 1.833333333333333299e-03
1.160000000000000000e+02 1.833333333333333299e-03
1.170000000000000000e+02 0.000000000000000000e+00
1.180000000000000000e+02 0.000000000000000000e+00
1.190000000000000000e+02 8.733333333333332948e-01
1.200000000000000000e+02 9.013333333333333197e-01
1.210000000000000000e+02 9.018333333333333757e-01
1.220000000000000000e+02 6.943333333333333579e-01
1.230000000000000000e+02 9.998333333333333517e-01
1.240000000000000000e+02 9.998333333333333517e-01
1.250000000000000000e+02 1.000000000000000000e+00
1.260000000000000000e+02 1.000000000000000000e+00
1.270000000000000000e+02 1.000000000000000000e+00
1.280000000000000000e+02 1.000000000000000000e+00
1.290000000000000000e+02 9.979999999999999982e-01
1.300000000000000000e+02 9.758333333333333304e-01
1.310000000000000000e+02 1.661666666666666570e-01
1.320000000000000000e+02 2.100000000000000130e-02
1.330000000000000000e+02 0.000000000000000000e+00
1.340000000000000000e+02 0.000000000000000000e+00
1.350000000000000000e+02 0.000000000000000000e+00
1.360000000000000000e+02 9.989999999999999991e-01
1.370000000000000000e+02 9.996666666666667034e-01
1.380000000000000000e+02 1.000000000000000000e+00
1.390000000000000000e+02 1.000000000000000000e+00
1.400000000000000000e+02 1.000000000000000000e+00
1.410000000000000000e+02 1.000000000000000000e+00
1.420000000000000000e+02 1.000000000000000000e+00
1.430000000000000000e+02 1.000000000000000000e+00
1.440000000000000000e+02 9.998333333333333517e-01
1.450000000000000000e+02 9.949999999999999956e-01
1.460000000000000000e+02 5.580000000000000515e-01
1.470000000000000000e+02 1.504999999999999949e-01
1.480000000000000000e+02 0.000000000000000000e+00
1.490000000000000000e+02 0.000000000000000000e+00
1.500000000000000000e+02 0.000000000000000000e+00
1.510000000000000000e+02 9.231666666666666909e-01
1.520000000000000000e+02 9.961666666666666448e-01
1.530000000000000000e+02 1.000000000000000000e+00
1.540000000000000000e+02 1.000000000000000000e+00
1.550000000000000000e+02 9.998333333333333517e-01
1.560000000000000000e+02 1.000000000000000000e+00
1.570000000000000000e+02 1.000000000000000000e+00
1.580000000000000000e+02 1.000000000000000000e+00
1.590000000000000000e+02 1.000000000000000000e+00
1.600000000000000000e+02 8.349999999999999645e-01
1.610000000000000000e+02 4.159999999999999809e-01
1.620000000000000000e+02 1.028333333333333321e-01
1.630000000000000000e+02 0.000000000000000000e+00
1.640000000000000000e+02 0.000000000000000000e+00
1.650000000000000000e+02 0.000000000000000000e+00
1.660000000000000000e+02 0.000000000000000000e+00
1.670000000000000000e+02 0.000000000000000000e+00
1.680000000000000000e+02 0.000000000000000000e+00
1.690000000000000000e+02 9.948333333333333472e-01
1.700000000000000000e+02 9.986666666666667025e-01
1.710000000000000000e+02 9.991666666666666474e-01
1.720000000000000000e+02 9.986666666666667025e-01
1.730000000000000000e+02 9.965000000000000524e-01
1.740000000000000000e+02 9.908333333333333437e-01
1.750000000000000000e+02 9.896666666666666945e-01
1.760000000000000000e+02 6.613333333333333286e-01
1.770000000000000000e+02 3.666666666666666598e-03
1.780000000000000000e+02 0.000000000000000000e+00
1.790000000000000000e+02 0.000000000000000000e+00
1.800000000000000000e+02 9.959999999999999964e-01
1.810000000000000000e+02 9.983333333333332948e-01
1.820000000000000000e+02 1.000000000000000000e+00
1.830000000000000000e+02 1.000000000000000000e+00
1.840000000000000000e+02 1.000000000000000000e+00
1.850000000000000000e+02 1.000000000000000000e+00
1.860000000000000000e+02 1.000000000000000000e+00
1.870000000000000000e+02 9.991666666666666474e-01
1.880000000000000000e+02 9.933333333333332904e-01
1.890000000000000000e+02 8.739999999999999991e-01
1.900000000000000000e+02 3.776666666666666505e-01
1.910000000000000000e+02 1.666666666666666611e-04
1.920000000000000000e+02 0.000000000000000000e+00
1.930000000000000000e+02 0.000000000000000000e+00
1.940000000000000000e+02 9.995000000000000551e-01
1.950000000000000000e+02 9.998333333333333517e-01
1.960000000000000000e+02 9.998333333333333517e-01
1.970000000000000000e+02 1.000000000000000000e+00
1.980000000000000000e+02 1.000000000000000000e+00
1.990000000000000000e+02 1.000000000000000000e+00
2.000000000000000000e+02 1.000000000000000000e+00
2.010000000000000000e+02 1.000000000000000000e+00
2.020000000000000000e+02 1.000000000000000000e+00
2.030000000000000000e+02 1.000000000000000000e+00
2.040000000000000000e+02 1.000000000000000000e+00
2.050000000000000000e+02 1.000000000000000000e+00
2.060000000000000000e+02 1.000000000000000000e+00
2.070000000000000000e+02 1.000000000000000000e+00
2.080000000000000000e+02 1.000000000000000000e+00
2.090000000000000000e+02 1.000000000000000000e+00
2.100000000000000000e+02 9.983333333333332948e-01
2.110000000000000000e+02 9.429999999999999494e-01
2.120000000000000000e+02 6.721666666666666901e-01
2.130000000000000000e+02 0.000000000000000000e+00
2.140000000000000000e+02 0.000000000000000000e+00
2.150000000000000000e+02 0.000000000000000000e+00
2.160000000000000000e+02 0.000000000000000000e+00
2.170000000000000000e+02 9.938333333333333464e-01
2.180000000000000000e+02 1.000000000000000000e+00
2.190000000000000000e+02 1.000000000000000000e+00
2.200000000000000000e+02 1.000000000000000000e+00
2.210000000000000000e+02 1.000000000000000000e+00
2.220000000000000000e+02 9.958333333333333481e-01
2.230000000000000000e+02 9.818333333333333357e-01
2.240000000000000000e+02 3.534999999999999809e-01
2.250000000000000000e+02 6.666666666666666444e-04
2.260000000000000000e+02 0.000000000000000000e+00
2.270000000000000000e+02 0.000000000000000000e+00
2.280000000000000000e+02 0.000000000000000000e+00
2.290000000000000000e+02 9.979999999999999982e-01
2.300000000000000000e+02 1.000000000000000000e+00
2.310000000000000000e+02 1.000000000000000000e+00
2.320000000000000000e+02 1.000000000000000000e+00
2.330000000000000000e+02 1.000000000000000000e+00
2.340000000000000000e+02 1.000000000000000000e+00
2.350000000000000000e+02 1.000000000000000000e+00
2.360000000000000000e+02 1.000000000000000000e+00
2.370000000000000000e+02 9.995000000000000551e-01
2.380000000000000000e+02 9.985000000000000542e-01
2.390000000000000000e+02 9.981666666666666465e-01
2.400000000000000000e+02 8.563333333333332797e-01
2.410000000000000000e+02 1.666666666666666611e-04
2.420000000000000000e+02 0.000000000000000000e+00
2.430000000000000000e+02 0.000000000000000000e+00
2.440000000000000000e+02 9.998333333333333517e-01
2.450000000000000000e+02 1.000000000000000000e+00
2.460000000000000000e+02 1.000000000000000000e+00
2.470000000000000000e+02 1.000000000000000000e+00
2.480000000000000000e+02 9.995000000000000551e-01
2.490000000000000000e+02 9.826666666666666883e-01
2.500000000000000000e+02 9.646666666666666723e-01
2.510000000000000000e+02 9.138333333333333863e-01
2.520000000000000000e+02 3.268333333333333091e-01
2.530000000000000000e+02 5.216666666666666674e-02
2.540000000000000000e+02 0.000000000000000000e+00
2.550000000000000000e+02 0.000000000000000000e+00
