# Residue_Number Average_Distance_to_LIG255(nm)
1 1.1920123100280762
2 0.9740322232246399
3 0.5657230019569397
4 0.7584313154220581
5 0.2776784598827362
6 0.7524665594100952
7 0.774986982345581
8 0.2538544535636902
9 0.49815502762794495
10 0.25809502601623535
11 0.6119878888130188
12 0.6673932075500488
13 0.7877235412597656
14 0.48651304841041565
15 0.6693974733352661
16 0.255188524723053
17 0.618390679359436
18 0.409877210855484
19 0.8223060965538025
20 0.9762089848518372
21 0.6761408448219299
22 0.7553922533988953
23 0.2653772830963135
24 0.6718565821647644
25 0.42869555950164795
26 0.8152644634246826
27 0.8911116719245911
28 1.134251594543457
29 1.3436986207962036
30 1.4233710765838623
31 1.1734263896942139
32 1.1322271823883057
33 0.8479088544845581
34 0.9578623175621033
35 0.5915846824645996
36 0.999750554561615
37 1.0039371252059937
38 1.0859801769256592
39 0.8643564581871033
40 0.868375837802887
41 0.5187330842018127
42 0.7425948977470398
43 0.4323393702507019
44 0.8749076128005981
45 0.9402060508728027
46 0.9527636766433716
47 0.7182179093360901
48 0.8120593428611755
49 0.4201847314834595
50 0.7103902697563171
51 0.27046898007392883
52 0.6484047174453735
53 0.32291385531425476
54 0.8114926815032959
55 0.8014947175979614
56 1.1231391429901123
57 1.275182843208313
58 1.3552463054656982
59 1.1090065240859985
60 0.7769754528999329
61 0.6987301707267761
62 0.2693749666213989
63 0.5478713512420654
64 0.2592626214027405
65 0.6659806966781616
66 0.34272655844688416
67 0.9191845655441284
68 1.2675584554672241
69 1.4579172134399414
70 1.722458839416504
71 1.5581990480422974
72 1.2959883213043213
73 1.8570600748062134
74 2.0298759937286377
75 1.5836997032165527
76 1.9059840440750122
77 2.2651572227478027
78 2.2409660816192627
79 1.771356463432312
80 2.433135509490967
81 2.62192702293396
82 2.263474225997925
83 2.265238046646118
84 2.646240234375
85 2.682905912399292
86 2.5925357341766357
87 2.7568581104278564
88 2.3242979049682617
89 2.196805715560913
90 2.0245301723480225
91 2.2407398223876953
92 1.8634570837020874
93 1.5677343606948853
94 1.3047802448272705
95 1.022053599357605
96 0.6741457581520081
97 0.9120662212371826
98 0.8960494995117188
99 1.1349838972091675
100 1.3786686658859253
101 1.2326443195343018
102 1.6891034841537476
103 1.7642217874526978
104 1.9523115158081055
105 1.626851201057434
106 1.3386991024017334
107 1.7121870517730713
108 1.561326026916504
109 0.9069952964782715
110 1.3829716444015503
111 1.6454685926437378
112 1.2564533948898315
113 1.1679524183273315
114 1.4241145849227905
115 1.679936170578003
116 1.863964319229126
117 1.8167390823364258
118 1.9091174602508545
119 1.4147223234176636
120 1.974933385848999
121 2.081801176071167
122 1.6890298128128052
123 1.8841333389282227
124 2.0996696949005127
125 1.8257607221603394
126 1.4206057786941528
127 1.8106712102890015
128 1.8706969022750854
129 1.3417586088180542
130 1.2259604930877686
131 1.7783981561660767
132 1.627936840057373
133 1.349571704864502
134 1.7215105295181274
135 1.711803674697876
136 1.8479329347610474
137 2.0695223808288574
138 1.7418968677520752
139 1.3291308879852295
140 1.8206803798675537
141 1.8032400608062744
142 1.3523273468017578
143 1.3655332326889038
144 1.7798434495925903
145 1.561148762702942
146 1.2704389095306396
147 1.6398650407791138
148 1.6182129383087158
149 1.680171251296997
150 1.4888973236083984
151 1.7251474857330322
152 1.2277535200119019
153 1.2572784423828125
154 1.6479220390319824
155 1.5536885261535645
156 0.8235597610473633
157 1.4683600664138794
158 1.704007863998413
159 1.365630865097046
160 1.0271239280700684
161 1.6611549854278564
162 1.7618391513824463
163 1.178570032119751
164 1.7556958198547363
165 1.889102816581726
166 2.015806198120117
167 1.716983675956726
168 2.1507396697998047
169 2.0518085956573486
170 2.492370843887329
171 2.3650240898132324
172 1.885749340057373
173 2.469149112701416
174 2.690992593765259
175 2.297837495803833
176 2.1434922218322754
177 2.780893564224243
178 2.521195888519287
179 2.729828119277954
180 2.5467090606689453
181 2.6673295497894287
182 2.5087497234344482
183 2.1153564453125
184 2.2097513675689697
185 2.3502440452575684
186 2.062937021255493
187 1.6600171327590942
188 2.0219247341156006
189 2.0180859565734863
190 1.6007704734802246
191 1.54600191116333
192 1.2893075942993164
193 1.4589375257492065
194 1.501650333404541
195 1.412402629852295
196 1.0952374935150146
197 1.0060374736785889
198 1.1348320245742798
199 0.9171442985534668
200 0.6163169145584106
201 0.7744894027709961
202 0.906043529510498
203 0.6360136270523071
204 0.34778618812561035
205 0.7671036124229431
206 0.8649289608001709
207 0.5385928750038147
208 0.6698752045631409
209 1.014810562133789
210 0.980340838432312
211 0.8193587064743042
212 1.127007007598877
213 1.410811185836792
214 1.7628966569900513
215 1.690332055091858
216 1.818405270576477
217 1.4819469451904297
218 1.9030944108963013
219 1.8184047937393188
220 1.2889479398727417
221 1.5509799718856812
222 1.8079544305801392
223 1.5522490739822388
224 1.1707239151000977
225 1.659055471420288
226 1.2705461978912354
227 2.0002825260162354
228 1.9031203985214233
229 1.799160122871399
230 1.8452250957489014
231 1.6057727336883545
232 1.1339341402053833
233 1.4209980964660645
234 1.4389697313308716
235 1.1305863857269287
236 0.7939003705978394
237 1.1371005773544312
238 1.0395147800445557
239 0.460727334022522
240 0.3583204746246338
241 0.9233585000038147
242 0.8859238028526306
243 1.2254633903503418
244 1.156341791152954
245 1.4414045810699463
246 1.2700293064117432
247 0.5657023787498474
248 1.218286395072937
249 1.4105205535888672
250 0.980658769607544
251 0.895447850227356
252 1.3578743934631348
253 1.472679853439331
254 1.5356844663619995
