# Residue_Number Average_Distance_to_LIG255(nm)
1 1.0427196025848389
2 0.8822770118713379
3 0.409455806016922
4 0.6878336668014526
5 0.26602447032928467
6 0.736362874507904
7 0.7847343683242798
8 0.25995633006095886
9 0.571157693862915
10 0.27152523398399353
11 0.7646868228912354
12 0.7402325868606567
13 0.9127604365348816
14 0.580607533454895
15 0.6881988644599915
16 0.2550337016582489
17 0.5788108110427856
18 0.41215506196022034
19 0.8332072496414185
20 0.9350937604904175
21 0.6492215991020203
22 0.7297070026397705
23 0.2645244002342224
24 0.6585051417350769
25 0.44897136092185974
26 0.8131983876228333
27 0.9288569092750549
28 1.1635215282440186
29 1.3895156383514404
30 1.439863920211792
31 1.1956188678741455
32 1.1237504482269287
33 0.9120936393737793
34 0.9960216283798218
35 0.6502010822296143
36 1.0520991086959839
37 1.0398378372192383
38 1.1351573467254639
39 0.9245405197143555
40 0.8975809216499329
41 0.5957342386245728
42 0.784024178981781
43 0.5016731023788452
44 0.9730336666107178
45 1.037642002105713
46 1.0368285179138184
47 0.7905535697937012
48 0.8554948568344116
49 0.36795544624328613
50 0.6926544308662415
51 0.2537005543708801
52 0.6002194881439209
53 0.2548924684524536
54 0.7489617466926575
55 0.6792560815811157
56 1.0453300476074219
57 1.1155011653900146
58 1.1154447793960571
59 0.9279268980026245
60 0.5439939498901367
61 0.6074753403663635
62 0.24523039162158966
63 0.29250043630599976
64 0.23923754692077637
65 0.6180957555770874
66 0.5987789034843445
67 1.0384823083877563
68 1.36797034740448
69 1.5637884140014648
70 1.8341542482376099
71 1.6483261585235596
72 1.4061461687088013
73 1.9580549001693726
74 2.1184980869293213
75 1.655970573425293
76 1.9677952527999878
77 2.3412375450134277
78 2.3177738189697266
79 1.8961725234985352
80 2.5250771045684814
81 2.7061522006988525
82 2.3017828464508057
83 2.3004367351531982
84 2.7712221145629883
85 2.7622828483581543
86 2.554979085922241
87 2.77461838722229
88 2.577334403991699
89 2.17201828956604
90 2.2574331760406494
91 2.3020827770233154
92 2.047872304916382
93 1.7175400257110596
94 1.3891432285308838
95 1.0636959075927734
96 0.7699488401412964
97 0.9729073643684387
98 0.9776259660720825
99 1.1933293342590332
100 1.422852873802185
101 1.2523900270462036
102 1.6928547620773315
103 1.7362043857574463
104 1.849713921546936
105 1.5442290306091309
106 1.2639832496643066
107 1.5464192628860474
108 1.4901244640350342
109 0.7525308728218079
110 1.0296531915664673
111 1.4071744680404663
112 1.1932010650634766
113 0.7757488489151001
114 1.1402353048324585
115 1.3194377422332764
116 1.5734261274337769
117 1.689684271812439
118 1.8573050498962402
119 1.3787479400634766
120 1.9941933155059814
121 2.0470101833343506
122 1.5367341041564941
123 1.8989876508712769
124 2.0614821910858154
125 1.7369849681854248
126 1.4052053689956665
127 1.8280291557312012
128 1.8446533679962158
129 1.3550103902816772
130 1.289114236831665
131 1.819202184677124
132 1.655022144317627
133 1.401318073272705
134 1.771905541419983
135 1.7510080337524414
136 1.8965611457824707
137 2.112417221069336
138 1.7903776168823242
139 1.3773928880691528
140 1.8808292150497437
141 1.8898630142211914
142 1.4266692399978638
143 1.4403159618377686
144 1.887430191040039
145 1.6908859014511108
146 1.4089992046356201
147 1.7935032844543457
148 1.7879389524459839
149 1.7766083478927612
150 1.5579718351364136
151 1.780160665512085
152 1.3182544708251953
153 1.2979686260223389
154 1.6441525220870972
155 1.5295357704162598
156 0.7508518695831299
157 1.323747992515564
158 1.5837613344192505
159 1.266884684562683
160 0.8301504850387573
161 1.4121969938278198
162 1.5194671154022217
163 0.9529728889465332
164 1.504680871963501
165 1.6862883567810059
166 1.8765534162521362
167 1.5830096006393433
168 2.088935613632202
169 2.0713107585906982
170 2.4681763648986816
171 2.279374599456787
172 1.8438690900802612
173 2.4412102699279785
174 2.64048433303833
175 2.1811370849609375
176 2.127253293991089
177 2.7392473220825195
178 2.5466113090515137
179 2.7587339878082275
180 2.5724098682403564
181 2.7337746620178223
182 2.5767080783843994
183 2.1416099071502686
184 2.278292417526245
185 2.4595935344696045
186 2.1673507690429688
187 1.7231119871139526
188 2.1531994342803955
189 2.1742329597473145
190 1.7365953922271729
191 1.6895818710327148
192 1.4118002653121948
193 1.5303207635879517
194 1.5259640216827393
195 1.417217493057251
196 1.1246800422668457
197 1.0387742519378662
198 1.08539617061615
199 0.8721992373466492
200 0.6020086407661438
201 0.6804339289665222
202 0.7600940465927124
203 0.4693247079849243
204 0.24346594512462616
205 0.4941045641899109
206 0.6090113520622253
207 0.2658129334449768
208 0.2750277817249298
209 0.5924426317214966
210 0.6777576208114624
211 0.39504989981651306
212 0.5688415765762329
213 0.908826470375061
214 1.2824918031692505
215 1.2627514600753784
216 1.5264170169830322
217 1.3002235889434814
218 1.6941132545471191
219 1.517945647239685
220 1.0074952840805054
221 1.3727706670761108
222 1.5835351943969727
223 1.2024154663085938
224 0.9307652711868286
225 1.4716018438339233
226 1.1912740468978882
227 1.9200605154037476
228 1.8228095769882202
229 1.6882685422897339
230 1.8110814094543457
231 1.6022573709487915
232 1.003964900970459
233 1.3807387351989746
234 1.4664599895477295
235 1.155902624130249
236 0.6687526106834412
237 1.177474856376648
238 1.1517735719680786
239 0.46707141399383545
240 0.30609577894210815
241 1.0072792768478394
242 0.8460206985473633
243 1.1484298706054688
244 1.0289560556411743
245 1.3109878301620483
246 1.166849970817566
247 0.3525221347808838
248 0.9898210167884827
249 1.226883888244629
250 0.9373948574066162
251 0.6150945425033569
252 1.0733705759048462
253 1.3208191394805908
254 1.3479951620101929
