1.0000 0.0000 0.0000
2.0000 0.0032 0.0013
3.0000 0.5682 0.1103
4.0000 0.0805 0.0684
5.0000 0.9867 0.0044
6.0000 0.0042 0.0026
7.0000 0.0002 0.0002
8.0000 0.9898 0.0032
9.0000 0.2082 0.0537
10.0000 0.9683 0.0073
11.0000 0.0883 0.0312
12.0000 0.0872 0.0316
13.0000 0.0183 0.0140
14.0000 0.1060 0.0354
15.0000 0.0003 0.0002
16.0000 0.9900 0.0028
17.0000 0.1638 0.0217
18.0000 0.5692 0.0316
19.0000 0.0000 0.0000
20.0000 0.0000 0.0000
21.0000 0.0053 0.0011
22.0000 0.0000 0.0000
23.0000 0.9827 0.0043
24.0000 0.0248 0.0257
25.0000 0.3920 0.0497
26.0000 0.0000 0.0000
27.0000 0.0000 0.0000
28.0000 0.0000 0.0000
29.0000 0.0000 0.0000
30.0000 0.0000 0.0000
31.0000 0.0000 0.0000
32.0000 0.0000 0.0000
33.0000 0.0043 0.0030
34.0000 0.0000 0.0000
35.0000 0.0365 0.0411
36.0000 0.0000 0.0000
37.0000 0.0000 0.0000
38.0000 0.0000 0.0000
39.0000 0.0000 0.0000
40.0000 0.0000 0.0000
41.0000 0.1095 0.1135
42.0000 0.0337 0.0236
43.0000 0.2363 0.0525
44.0000 0.0000 0.0000
45.0000 0.0000 0.0000
46.0000 0.0000 0.0000
47.0000 0.0003 0.0002
48.0000 0.0000 0.0000
49.0000 0.8020 0.0292
50.0000 0.0002 0.0002
51.0000 0.9892 0.0044
52.0000 0.1180 0.0612
53.0000 0.9897 0.0028
54.0000 0.0037 0.0024
55.0000 0.0003 0.0002
56.0000 0.0000 0.0000
57.0000 0.0000 0.0000
58.0000 0.0000 0.0000
59.0000 0.0063 0.0029
60.0000 0.3662 0.1066
61.0000 0.0415 0.0080
62.0000 1.0000 0.0000
63.0000 0.8613 0.0303
64.0000 0.9997 0.0002
65.0000 0.2377 0.0354
66.0000 0.2405 0.1702
67.0000 0.0000 0.0000
68.0000 0.0000 0.0000
69.0000 0.0000 0.0000
70.0000 0.0000 0.0000
71.0000 0.0000 0.0000
72.0000 0.0000 0.0000
73.0000 0.0000 0.0000
74.0000 0.0000 0.0000
75.0000 0.0000 0.0000
76.0000 0.0000 0.0000
77.0000 0.0000 0.0000
78.0000 0.0000 0.0000
79.0000 0.0000 0.0000
80.0000 0.0000 0.0000
81.0000 0.0000 0.0000
82.0000 0.0000 0.0000
83.0000 0.0000 0.0000
84.0000 0.0000 0.0000
85.0000 0.0000 0.0000
86.0000 0.0000 0.0000
87.0000 0.0000 0.0000
88.0000 0.0000 0.0000
89.0000 0.0000 0.0000
90.0000 0.0000 0.0000
91.0000 0.0000 0.0000
92.0000 0.0000 0.0000
93.0000 0.0000 0.0000
94.0000 0.0000 0.0000
95.0000 0.0000 0.0000
96.0000 0.0428 0.0608
97.0000 0.0052 0.0037
98.0000 0.0008 0.0008
99.0000 0.0000 0.0000
100.0000 0.0000 0.0000
101.0000 0.0000 0.0000
102.0000 0.0000 0.0000
103.0000 0.0000 0.0000
104.0000 0.0000 0.0000
105.0000 0.0000 0.0000
106.0000 0.0000 0.0000
107.0000 0.0000 0.0000
108.0000 0.0000 0.0000
109.0000 0.0000 0.0000
110.0000 0.0060 0.0020
111.0000 0.0000 0.0000
112.0000 0.0000 0.0000
113.0000 0.0062 0.0026
114.0000 0.0000 0.0000
115.0000 0.0000 0.0000
116.0000 0.0000 0.0000
117.0000 0.0000 0.0000
118.0000 0.0000 0.0000
119.0000 0.0000 0.0000
120.0000 0.0000 0.0000
121.0000 0.0000 0.0000
122.0000 0.0000 0.0000
123.0000 0.0000 0.0000
124.0000 0.0000 0.0000
125.0000 0.0000 0.0000
126.0000 0.0000 0.0000
127.0000 0.0000 0.0000
128.0000 0.0000 0.0000
129.0000 0.0000 0.0000
130.0000 0.0000 0.0000
131.0000 0.0000 0.0000
132.0000 0.0000 0.0000
133.0000 0.0000 0.0000
134.0000 0.0000 0.0000
135.0000 0.0000 0.0000
136.0000 0.0000 0.0000
137.0000 0.0000 0.0000
138.0000 0.0000 0.0000
139.0000 0.0000 0.0000
140.0000 0.0000 0.0000
141.0000 0.0000 0.0000
142.0000 0.0000 0.0000
143.0000 0.0000 0.0000
144.0000 0.0000 0.0000
145.0000 0.0000 0.0000
146.0000 0.0000 0.0000
147.0000 0.0000 0.0000
148.0000 0.0000 0.0000
149.0000 0.0000 0.0000
150.0000 0.0000 0.0000
151.0000 0.0000 0.0000
152.0000 0.0000 0.0000
153.0000 0.0000 0.0000
154.0000 0.0000 0.0000
155.0000 0.0000 0.0000
156.0000 0.0575 0.0228
157.0000 0.0000 0.0000
158.0000 0.0000 0.0000
159.0000 0.0000 0.0000
160.0000 0.0147 0.0056
161.0000 0.0000 0.0000
162.0000 0.0000 0.0000
163.0000 0.0000 0.0000
164.0000 0.0000 0.0000
165.0000 0.0000 0.0000
166.0000 0.0000 0.0000
167.0000 0.0000 0.0000
168.0000 0.0000 0.0000
169.0000 0.0000 0.0000
170.0000 0.0000 0.0000
171.0000 0.0000 0.0000
172.0000 0.0000 0.0000
173.0000 0.0000 0.0000
174.0000 0.0000 0.0000
175.0000 0.0000 0.0000
176.0000 0.0000 0.0000
177.0000 0.0000 0.0000
178.0000 0.0000 0.0000
179.0000 0.0000 0.0000
180.0000 0.0000 0.0000
181.0000 0.0000 0.0000
182.0000 0.0000 0.0000
183.0000 0.0000 0.0000
184.0000 0.0000 0.0000
185.0000 0.0000 0.0000
186.0000 0.0000 0.0000
187.0000 0.0000 0.0000
188.0000 0.0000 0.0000
189.0000 0.0000 0.0000
190.0000 0.0000 0.0000
191.0000 0.0000 0.0000
192.0000 0.0000 0.0000
193.0000 0.0000 0.0000
194.0000 0.0000 0.0000
195.0000 0.0000 0.0000
196.0000 0.0000 0.0000
197.0000 0.0048 0.0037
198.0000 0.0000 0.0000
199.0000 0.0110 0.0044
200.0000 0.1432 0.0650
201.0000 0.0315 0.0123
202.0000 0.0008 0.0007
203.0000 0.7450 0.0445
204.0000 1.0000 0.0000
205.0000 0.5870 0.0644
206.0000 0.0253 0.0091
207.0000 0.9698 0.0223
208.0000 0.9142 0.0735
209.0000 0.3638 0.0971
210.0000 0.0077 0.0035
211.0000 0.7685 0.0771
212.0000 0.3902 0.0976
213.0000 0.0027 0.0008
214.0000 0.0000 0.0000
215.0000 0.0000 0.0000
216.0000 0.0000 0.0000
217.0000 0.0000 0.0000
218.0000 0.0000 0.0000
219.0000 0.0000 0.0000
220.0000 0.0000 0.0000
221.0000 0.0000 0.0000
222.0000 0.0000 0.0000
223.0000 0.0000 0.0000
224.0000 0.0000 0.0000
225.0000 0.0000 0.0000
226.0000 0.0000 0.0000
227.0000 0.0000 0.0000
228.0000 0.0000 0.0000
229.0000 0.0000 0.0000
230.0000 0.0000 0.0000
231.0000 0.0000 0.0000
232.0000 0.0000 0.0000
233.0000 0.0000 0.0000
234.0000 0.0000 0.0000
235.0000 0.0000 0.0000
236.0000 0.0002 0.0002
237.0000 0.0000 0.0000
238.0000 0.0000 0.0000
239.0000 0.3127 0.0660
240.0000 0.9153 0.0212
241.0000 0.0000 0.0000
242.0000 0.0003 0.0002
243.0000 0.0000 0.0000
244.0000 0.0000 0.0000
245.0000 0.0000 0.0000
246.0000 0.0000 0.0000
247.0000 0.7840 0.0730
248.0000 0.0000 0.0000
249.0000 0.0000 0.0000
250.0000 0.0000 0.0000
251.0000 0.0175 0.0046
252.0000 0.0000 0.0000
253.0000 0.0000 0.0000
254.0000 0.0000 0.0000
