Residue HelixFraction
1.000000000000000000e+00 0.000000000000000000e+00
2.000000000000000000e+00 0.000000000000000000e+00
3.000000000000000000e+00 0.000000000000000000e+00
4.000000000000000000e+00 0.000000000000000000e+00
5.000000000000000000e+00 0.000000000000000000e+00
6.000000000000000000e+00 0.000000000000000000e+00
7.000000000000000000e+00 0.000000000000000000e+00
8.000000000000000000e+00 0.000000000000000000e+00
9.000000000000000000e+00 0.000000000000000000e+00
1.000000000000000000e+01 0.000000000000000000e+00
1.100000000000000000e+01 0.000000000000000000e+00
1.200000000000000000e+01 0.000000000000000000e+00
1.300000000000000000e+01 0.000000000000000000e+00
1.400000000000000000e+01 0.000000000000000000e+00
1.500000000000000000e+01 0.000000000000000000e+00
1.600000000000000000e+01 0.000000000000000000e+00
1.700000000000000000e+01 0.000000000000000000e+00
1.800000000000000000e+01 0.000000000000000000e+00
1.900000000000000000e+01 0.000000000000000000e+00
2.000000000000000000e+01 0.000000000000000000e+00
2.100000000000000000e+01 0.000000000000000000e+00
2.200000000000000000e+01 0.000000000000000000e+00
2.300000000000000000e+01 0.000000000000000000e+00
2.400000000000000000e+01 0.000000000000000000e+00
2.500000000000000000e+01 0.000000000000000000e+00
2.600000000000000000e+01 0.000000000000000000e+00
2.700000000000000000e+01 0.000000000000000000e+00
2.800000000000000000e+01 0.000000000000000000e+00
2.900000000000000000e+01 0.000000000000000000e+00
3.000000000000000000e+01 0.000000000000000000e+00
3.100000000000000000e+01 0.000000000000000000e+00
3.200000000000000000e+01 0.000000000000000000e+00
3.300000000000000000e+01 0.000000000000000000e+00
3.400000000000000000e+01 0.000000000000000000e+00
3.500000000000000000e+01 0.000000000000000000e+00
3.600000000000000000e+01 0.000000000000000000e+00
3.700000000000000000e+01 0.000000000000000000e+00
3.800000000000000000e+01 0.000000000000000000e+00
3.900000000000000000e+01 0.000000000000000000e+00
4.000000000000000000e+01 0.000000000000000000e+00
4.100000000000000000e+01 0.000000000000000000e+00
4.200000000000000000e+01 0.000000000000000000e+00
4.300000000000000000e+01 0.000000000000000000e+00
4.400000000000000000e+01 0.000000000000000000e+00
4.500000000000000000e+01 0.000000000000000000e+00
4.600000000000000000e+01 0.000000000000000000e+00
4.700000000000000000e+01 0.000000000000000000e+00
4.800000000000000000e+01 0.000000000000000000e+00
4.900000000000000000e+01 0.000000000000000000e+00
5.000000000000000000e+01 0.000000000000000000e+00
5.100000000000000000e+01 0.000000000000000000e+00
5.200000000000000000e+01 0.000000000000000000e+00
5.300000000000000000e+01 0.000000000000000000e+00
5.400000000000000000e+01 0.000000000000000000e+00
5.500000000000000000e+01 0.000000000000000000e+00
5.600000000000000000e+01 0.000000000000000000e+00
5.700000000000000000e+01 0.000000000000000000e+00
5.800000000000000000e+01 0.000000000000000000e+00
5.900000000000000000e+01 0.000000000000000000e+00
6.000000000000000000e+01 0.000000000000000000e+00
6.100000000000000000e+01 0.000000000000000000e+00
6.200000000000000000e+01 0.000000000000000000e+00
6.300000000000000000e+01 0.000000000000000000e+00
6.400000000000000000e+01 0.000000000000000000e+00
6.500000000000000000e+01 0.000000000000000000e+00
6.600000000000000000e+01 0.000000000000000000e+00
6.700000000000000000e+01 0.000000000000000000e+00
6.800000000000000000e+01 0.000000000000000000e+00
6.900000000000000000e+01 9.978333333333333499e-01
7.000000000000000000e+01 9.979999999999999982e-01
7.100000000000000000e+01 9.998333333333333517e-01
7.200000000000000000e+01 1.000000000000000000e+00
7.300000000000000000e+01 1.000000000000000000e+00
7.400000000000000000e+01 1.000000000000000000e+00
7.500000000000000000e+01 1.000000000000000000e+00
7.600000000000000000e+01 9.976666666666667016e-01
7.700000000000000000e+01 9.923333333333332895e-01
7.800000000000000000e+01 9.915000000000000480e-01
7.900000000000000000e+01 4.700000000000000011e-02
8.000000000000000000e+01 8.643333333333332869e-01
8.100000000000000000e+01 9.621666666666666146e-01
8.200000000000000000e+01 9.748333333333333295e-01
8.300000000000000000e+01 9.080000000000000293e-01
8.400000000000000000e+01 4.308333333333333459e-01
8.500000000000000000e+01 0.000000000000000000e+00
8.600000000000000000e+01 2.216666666666666785e-02
8.700000000000000000e+01 2.216666666666666785e-02
8.800000000000000000e+01 2.216666666666666785e-02
8.900000000000000000e+01 0.000000000000000000e+00
9.000000000000000000e+01 2.900000000000000147e-02
9.100000000000000000e+01 2.900000000000000147e-02
9.200000000000000000e+01 2.900000000000000147e-02
9.300000000000000000e+01 0.000000000000000000e+00
9.400000000000000000e+01 0.000000000000000000e+00
9.500000000000000000e+01 0.000000000000000000e+00
9.600000000000000000e+01 0.000000000000000000e+00
9.700000000000000000e+01 0.000000000000000000e+00
9.800000000000000000e+01 0.000000000000000000e+00
9.900000000000000000e+01 0.000000000000000000e+00
1.000000000000000000e+02 0.000000000000000000e+00
1.010000000000000000e+02 0.000000000000000000e+00
1.020000000000000000e+02 0.000000000000000000e+00
1.030000000000000000e+02 9.958333333333333481e-01
1.040000000000000000e+02 9.963333333333332931e-01
1.050000000000000000e+02 1.000000000000000000e+00
1.060000000000000000e+02 1.000000000000000000e+00
1.070000000000000000e+02 1.000000000000000000e+00
1.080000000000000000e+02 1.000000000000000000e+00
1.090000000000000000e+02 9.995000000000000551e-01
1.100000000000000000e+02 9.901666666666666394e-01
1.110000000000000000e+02 9.591666666666666119e-01
1.120000000000000000e+02 9.168333333333332780e-01
1.130000000000000000e+02 4.719999999999999751e-01
1.140000000000000000e+02 2.010000000000000120e-01
1.150000000000000000e+02 1.833333333333333299e-03
1.160000000000000000e+02 0.000000000000000000e+00
1.170000000000000000e+02 0.000000000000000000e+00
1.180000000000000000e+02 0.000000000000000000e+00
1.190000000000000000e+02 9.873333333333332851e-01
1.200000000000000000e+02 9.956666666666666998e-01
1.210000000000000000e+02 9.975000000000000533e-01
1.220000000000000000e+02 9.861666666666666359e-01
1.230000000000000000e+02 1.000000000000000000e+00
1.240000000000000000e+02 1.000000000000000000e+00
1.250000000000000000e+02 1.000000000000000000e+00
1.260000000000000000e+02 1.000000000000000000e+00
1.270000000000000000e+02 1.000000000000000000e+00
1.280000000000000000e+02 1.000000000000000000e+00
1.290000000000000000e+02 9.998333333333333517e-01
1.300000000000000000e+02 9.969999999999999973e-01
1.310000000000000000e+02 1.826666666666666716e-01
1.320000000000000000e+02 2.100000000000000130e-02
1.330000000000000000e+02 0.000000000000000000e+00
1.340000000000000000e+02 0.000000000000000000e+00
1.350000000000000000e+02 0.000000000000000000e+00
1.360000000000000000e+02 9.996666666666667034e-01
1.370000000000000000e+02 1.000000000000000000e+00
1.380000000000000000e+02 1.000000000000000000e+00
1.390000000000000000e+02 1.000000000000000000e+00
1.400000000000000000e+02 9.998333333333333517e-01
1.410000000000000000e+02 9.998333333333333517e-01
1.420000000000000000e+02 1.000000000000000000e+00
1.430000000000000000e+02 1.000000000000000000e+00
1.440000000000000000e+02 9.998333333333333517e-01
1.450000000000000000e+02 9.981666666666666465e-01
1.460000000000000000e+02 8.619999999999999885e-01
1.470000000000000000e+02 5.693333333333333579e-01
1.480000000000000000e+02 0.000000000000000000e+00
1.490000000000000000e+02 0.000000000000000000e+00
1.500000000000000000e+02 0.000000000000000000e+00
1.510000000000000000e+02 7.778333333333333766e-01
1.520000000000000000e+02 9.946666666666666989e-01
1.530000000000000000e+02 1.000000000000000000e+00
1.540000000000000000e+02 1.000000000000000000e+00
1.550000000000000000e+02 1.000000000000000000e+00
1.560000000000000000e+02 1.000000000000000000e+00
1.570000000000000000e+02 1.000000000000000000e+00
1.580000000000000000e+02 1.000000000000000000e+00
1.590000000000000000e+02 1.000000000000000000e+00
1.600000000000000000e+02 8.841666666666666563e-01
1.610000000000000000e+02 3.961666666666666670e-01
1.620000000000000000e+02 4.933333333333333320e-02
1.630000000000000000e+02 0.000000000000000000e+00
1.640000000000000000e+02 0.000000000000000000e+00
1.650000000000000000e+02 0.000000000000000000e+00
1.660000000000000000e+02 0.000000000000000000e+00
1.670000000000000000e+02 0.000000000000000000e+00
1.680000000000000000e+02 0.000000000000000000e+00
1.690000000000000000e+02 9.973333333333332940e-01
1.700000000000000000e+02 9.991666666666666474e-01
1.710000000000000000e+02 9.998333333333333517e-01
1.720000000000000000e+02 9.991666666666666474e-01
1.730000000000000000e+02 9.976666666666667016e-01
1.740000000000000000e+02 9.909999999999999920e-01
1.750000000000000000e+02 9.891666666666666385e-01
1.760000000000000000e+02 6.460000000000000187e-01
1.770000000000000000e+02 4.000000000000000083e-03
1.780000000000000000e+02 0.000000000000000000e+00
1.790000000000000000e+02 0.000000000000000000e+00
1.800000000000000000e+02 9.935000000000000497e-01
1.810000000000000000e+02 9.953333333333332922e-01
1.820000000000000000e+02 1.000000000000000000e+00
1.830000000000000000e+02 1.000000000000000000e+00
1.840000000000000000e+02 1.000000000000000000e+00
1.850000000000000000e+02 9.998333333333333517e-01
1.860000000000000000e+02 9.998333333333333517e-01
1.870000000000000000e+02 9.998333333333333517e-01
1.880000000000000000e+02 9.965000000000000524e-01
1.890000000000000000e+02 8.529999999999999805e-01
1.900000000000000000e+02 2.788333333333333219e-01
1.910000000000000000e+02 0.000000000000000000e+00
1.920000000000000000e+02 0.000000000000000000e+00
1.930000000000000000e+02 0.000000000000000000e+00
1.940000000000000000e+02 1.000000000000000000e+00
1.950000000000000000e+02 1.000000000000000000e+00
1.960000000000000000e+02 1.000000000000000000e+00
1.970000000000000000e+02 1.000000000000000000e+00
1.980000000000000000e+02 1.000000000000000000e+00
1.990000000000000000e+02 1.000000000000000000e+00
2.000000000000000000e+02 1.000000000000000000e+00
2.010000000000000000e+02 1.000000000000000000e+00
2.020000000000000000e+02 1.000000000000000000e+00
2.030000000000000000e+02 1.000000000000000000e+00
2.040000000000000000e+02 1.000000000000000000e+00
2.050000000000000000e+02 1.000000000000000000e+00
2.060000000000000000e+02 1.000000000000000000e+00
2.070000000000000000e+02 1.000000000000000000e+00
2.080000000000000000e+02 1.000000000000000000e+00
2.090000000000000000e+02 1.000000000000000000e+00
2.100000000000000000e+02 9.991666666666666474e-01
2.110000000000000000e+02 9.395000000000000018e-01
2.120000000000000000e+02 7.538333333333333552e-01
2.130000000000000000e+02 0.000000000000000000e+00
2.140000000000000000e+02 0.000000000000000000e+00
2.150000000000000000e+02 0.000000000000000000e+00
2.160000000000000000e+02 0.000000000000000000e+00
2.170000000000000000e+02 9.948333333333333472e-01
2.180000000000000000e+02 9.978333333333333499e-01
2.190000000000000000e+02 9.988333333333333508e-01
2.200000000000000000e+02 9.998333333333333517e-01
2.210000000000000000e+02 9.996666666666667034e-01
2.220000000000000000e+02 9.956666666666666998e-01
2.230000000000000000e+02 9.805000000000000382e-01
2.240000000000000000e+02 1.916666666666666796e-01
2.250000000000000000e+02 3.333333333333333222e-04
2.260000000000000000e+02 0.000000000000000000e+00
2.270000000000000000e+02 0.000000000000000000e+00
2.280000000000000000e+02 0.000000000000000000e+00
2.290000000000000000e+02 9.979999999999999982e-01
2.300000000000000000e+02 9.996666666666667034e-01
2.310000000000000000e+02 9.998333333333333517e-01
2.320000000000000000e+02 1.000000000000000000e+00
2.330000000000000000e+02 1.000000000000000000e+00
2.340000000000000000e+02 1.000000000000000000e+00
2.350000000000000000e+02 1.000000000000000000e+00
2.360000000000000000e+02 1.000000000000000000e+00
2.370000000000000000e+02 1.000000000000000000e+00
2.380000000000000000e+02 9.991666666666666474e-01
2.390000000000000000e+02 9.991666666666666474e-01
2.400000000000000000e+02 8.743333333333332957e-01
2.410000000000000000e+02 8.333333333333333868e-04
2.420000000000000000e+02 0.000000000000000000e+00
2.430000000000000000e+02 0.000000000000000000e+00
2.440000000000000000e+02 1.000000000000000000e+00
2.450000000000000000e+02 1.000000000000000000e+00
2.460000000000000000e+02 1.000000000000000000e+00
2.470000000000000000e+02 1.000000000000000000e+00
2.480000000000000000e+02 1.000000000000000000e+00
2.490000000000000000e+02 9.991666666666666474e-01
2.500000000000000000e+02 9.961666666666666448e-01
2.510000000000000000e+02 9.126666666666666261e-01
2.520000000000000000e+02 8.516666666666666829e-01
2.530000000000000000e+02 1.450000000000000074e-02
2.540000000000000000e+02 0.000000000000000000e+00
2.550000000000000000e+02 0.000000000000000000e+00
