# Residue_Number Average_Distance_to_LIG255(nm)
1 1.0633448362350464
2 0.9094197750091553
3 0.4380321502685547
4 0.7365918159484863
5 0.26394015550613403
6 0.7278419733047485
7 0.7767095565795898
8 0.2518296241760254
9 0.6173325777053833
10 0.27656811475753784
11 0.841352105140686
12 0.8801293969154358
13 0.9392029643058777
14 0.5865538716316223
15 0.6518930792808533
16 0.24784813821315765
17 0.5106073617935181
18 0.3730800449848175
19 0.779329240322113
20 0.9156433939933777
21 0.6245304346084595
22 0.7250308394432068
23 0.26988208293914795
24 0.6757211089134216
25 0.5001387596130371
26 0.8469721674919128
27 0.9672867655754089
28 1.1921334266662598
29 1.4245357513427734
30 1.4786622524261475
31 1.237209439277649
32 1.1947766542434692
33 0.9506127834320068
34 1.0163239240646362
35 0.6760067343711853
36 1.0157485008239746
37 0.9978061318397522
38 1.079737901687622
39 0.8752762079238892
40 0.8799483776092529
41 0.6188033223152161
42 0.854071855545044
43 0.5154405832290649
44 1.0213805437088013
45 1.110759973526001
46 1.121883511543274
47 0.8283969759941101
48 0.8511391878128052
49 0.4709922969341278
50 0.7173063158988953
51 0.26933619379997253
52 0.6298656463623047
53 0.2556672692298889
54 0.7560636401176453
55 0.6766220331192017
56 1.0276252031326294
57 1.1015592813491821
58 1.060871958732605
59 0.7828493118286133
60 0.3194034695625305
61 0.637093722820282
62 0.23934639990329742
63 0.2368852198123932
64 0.23637831211090088
65 0.5981287360191345
66 0.4572491943836212
67 1.0466009378433228
68 1.367290735244751
69 1.6155356168746948
70 1.8550748825073242
71 1.5869085788726807
72 1.4329410791397095
73 2.006404161453247
74 2.1288115978240967
75 1.6808414459228516
76 2.0461950302124023
77 2.4090750217437744
78 2.334362030029297
79 1.9909712076187134
80 2.6499204635620117
81 2.805272102355957
82 2.374931573867798
83 2.3458642959594727
84 2.913846015930176
85 2.9175848960876465
86 3.114232063293457
87 2.8631680011749268
88 2.5573065280914307
89 2.357656717300415
90 2.522642135620117
91 2.277677297592163
92 1.9628989696502686
93 1.6819573640823364
94 1.4998629093170166
95 1.1195176839828491
96 0.7924378514289856
97 1.037919282913208
98 0.9943034052848816
99 1.2001208066940308
100 1.392128586769104
101 1.2080442905426025
102 1.612754225730896
103 1.6188970804214478
104 1.7124931812286377
105 1.4417150020599365
106 1.1415656805038452
107 1.372496247291565
108 1.3521076440811157
109 0.7000983953475952
110 0.7759891152381897
111 1.2044901847839355
112 1.079093098640442
113 0.6601980328559875
114 0.9331943988800049
115 1.1643973588943481
116 1.4293806552886963
117 1.4428519010543823
118 1.8964905738830566
119 1.8659342527389526
120 2.1654257774353027
121 1.912027359008789
122 1.3731902837753296
123 1.8530305624008179
124 1.9955517053604126
125 1.640425443649292
126 1.3305999040603638
127 1.8212997913360596
128 1.8077638149261475
129 1.3095873594284058
130 1.3056734800338745
131 1.8359079360961914
132 1.6527310609817505
133 1.4315707683563232
134 1.8043266534805298
135 1.8029944896697998
136 1.933803677558899
137 2.195373296737671
138 1.881206750869751
139 1.4335429668426514
140 1.9507451057434082
141 1.9540386199951172
142 1.4898602962493896
143 1.515718698501587
144 1.9433223009109497
145 1.7129017114639282
146 1.4302849769592285
147 1.8108254671096802
148 1.8806699514389038
149 1.9390794038772583
150 1.6482478380203247
151 1.879804015159607
152 1.3999171257019043
153 1.4230934381484985
154 1.7583681344985962
155 1.6491105556488037
156 0.8874267339706421
157 1.5001295804977417
158 1.735613226890564
159 1.3534537553787231
160 0.9609575867652893
161 1.56988525390625
162 1.6562968492507935
163 1.0310879945755005
164 1.58441162109375
165 1.7742505073547363
166 1.9216728210449219
167 1.6520631313323975
168 2.1374764442443848
169 2.1118099689483643
170 2.512101888656616
171 2.3571341037750244
172 1.9157634973526
173 2.508605480194092
174 2.7255806922912598
175 2.311598300933838
176 2.230211019515991
177 2.8503105640411377
178 2.6309902667999268
179 2.810579776763916
180 2.609955310821533
181 2.75903582572937
182 2.6214993000030518
183 2.1925530433654785
184 2.2923922538757324
185 2.473980665206909
186 2.1981468200683594
187 1.7523175477981567
188 2.1371123790740967
189 2.188577890396118
190 1.7582026720046997
191 1.6599267721176147
192 1.430440902709961
193 1.5300118923187256
194 1.5450923442840576
195 1.410176396369934
196 1.113840937614441
197 1.0812746286392212
198 1.107225775718689
199 0.8592097759246826
200 0.6149792671203613
201 0.7309942841529846
202 0.7730100750923157
203 0.46209415793418884
204 0.2425594925880432
205 0.5370798110961914
206 0.6026922464370728
207 0.24746949970722198
208 0.24125699698925018
209 0.567796528339386
210 0.6279212236404419
211 0.2668394446372986
212 0.3802257180213928
213 0.8024417161941528
214 1.189728856086731
215 1.2265095710754395
216 1.4885019063949585
217 1.2452622652053833
218 1.6594947576522827
219 1.5188242197036743
220 0.9732046127319336
221 1.363979458808899
222 1.6008753776550293
223 1.2418969869613647
224 0.9479197859764099
225 1.506083607673645
226 1.1729916334152222
227 1.9119274616241455
228 1.8007242679595947
229 1.6624821424484253
230 1.7736036777496338
231 1.5533756017684937
232 0.9760963320732117
233 1.347294569015503
234 1.4036407470703125
235 1.0814251899719238
236 0.6222304701805115
237 1.132973313331604
238 1.0542759895324707
239 0.3491884768009186
240 0.25634101033210754
241 0.9601196050643921
242 0.86676025390625
243 1.1309138536453247
244 0.9959828853607178
245 1.2779921293258667
246 1.1597665548324585
247 0.33583250641822815
248 0.9345975518226624
249 1.1950880289077759
250 0.9456300735473633
251 0.5722659230232239
252 1.055240511894226
253 1.2429070472717285
254 1.0423219203948975
