time(ns) rmsd
2.000000000000000000e+00 9.998333333333333517e-01
4.000000000000000000e+00 9.996666666666667034e-01
7.000000000000000000e+00 9.993333333333332957e-01
1.000000000000000000e+01 9.945000000000000506e-01
6.500000000000000000e+01 2.436666666666666703e-01
1.270000000000000000e+02 9.985000000000000542e-01
1.660000000000000000e+02 9.581666666666667220e-01
2.000000000000000000e+02 9.981666666666666465e-01
2.010000000000000000e+02 1.000000000000000000e+00
6.200000000000000000e+01 1.000000000000000000e+00
