Residue Probability
2.000000000000000000e+00 3.333333333333333222e-04
4.000000000000000000e+00 3.333333333333333222e-04
7.000000000000000000e+00 3.333333333333333222e-04
1.000000000000000000e+01 6.666666666666666444e-04
6.500000000000000000e+01 0.000000000000000000e+00
1.270000000000000000e+02 5.000000000000000104e-04
1.660000000000000000e+02 3.333333333333333222e-04
2.000000000000000000e+02 3.333333333333333222e-04
2.010000000000000000e+02 6.666666666666666444e-04
6.200000000000000000e+01 5.000000000000000104e-04
