Residue HelixFraction
1.000000000000000000e+00 0.000000000000000000e+00
2.000000000000000000e+00 0.000000000000000000e+00
3.000000000000000000e+00 0.000000000000000000e+00
4.000000000000000000e+00 0.000000000000000000e+00
5.000000000000000000e+00 0.000000000000000000e+00
6.000000000000000000e+00 0.000000000000000000e+00
7.000000000000000000e+00 0.000000000000000000e+00
8.000000000000000000e+00 0.000000000000000000e+00
9.000000000000000000e+00 0.000000000000000000e+00
1.000000000000000000e+01 0.000000000000000000e+00
1.100000000000000000e+01 0.000000000000000000e+00
1.200000000000000000e+01 0.000000000000000000e+00
1.300000000000000000e+01 0.000000000000000000e+00
1.400000000000000000e+01 0.000000000000000000e+00
1.500000000000000000e+01 0.000000000000000000e+00
1.600000000000000000e+01 0.000000000000000000e+00
1.700000000000000000e+01 0.000000000000000000e+00
1.800000000000000000e+01 0.000000000000000000e+00
1.900000000000000000e+01 0.000000000000000000e+00
2.000000000000000000e+01 0.000000000000000000e+00
2.100000000000000000e+01 0.000000000000000000e+00
2.200000000000000000e+01 0.000000000000000000e+00
2.300000000000000000e+01 0.000000000000000000e+00
2.400000000000000000e+01 0.000000000000000000e+00
2.500000000000000000e+01 0.000000000000000000e+00
2.600000000000000000e+01 0.000000000000000000e+00
2.700000000000000000e+01 0.000000000000000000e+00
2.800000000000000000e+01 0.000000000000000000e+00
2.900000000000000000e+01 0.000000000000000000e+00
3.000000000000000000e+01 0.000000000000000000e+00
3.100000000000000000e+01 0.000000000000000000e+00
3.200000000000000000e+01 0.000000000000000000e+00
3.300000000000000000e+01 0.000000000000000000e+00
3.400000000000000000e+01 0.000000000000000000e+00
3.500000000000000000e+01 0.000000000000000000e+00
3.600000000000000000e+01 0.000000000000000000e+00
3.700000000000000000e+01 0.000000000000000000e+00
3.800000000000000000e+01 0.000000000000000000e+00
3.900000000000000000e+01 0.000000000000000000e+00
4.000000000000000000e+01 0.000000000000000000e+00
4.100000000000000000e+01 0.000000000000000000e+00
4.200000000000000000e+01 0.000000000000000000e+00
4.300000000000000000e+01 0.000000000000000000e+00
4.400000000000000000e+01 0.000000000000000000e+00
4.500000000000000000e+01 0.000000000000000000e+00
4.600000000000000000e+01 0.000000000000000000e+00
4.700000000000000000e+01 0.000000000000000000e+00
4.800000000000000000e+01 0.000000000000000000e+00
4.900000000000000000e+01 0.000000000000000000e+00
5.000000000000000000e+01 0.000000000000000000e+00
5.100000000000000000e+01 0.000000000000000000e+00
5.200000000000000000e+01 0.000000000000000000e+00
5.300000000000000000e+01 0.000000000000000000e+00
5.400000000000000000e+01 0.000000000000000000e+00
5.500000000000000000e+01 0.000000000000000000e+00
5.600000000000000000e+01 0.000000000000000000e+00
5.700000000000000000e+01 0.000000000000000000e+00
5.800000000000000000e+01 0.000000000000000000e+00
5.900000000000000000e+01 0.000000000000000000e+00
6.000000000000000000e+01 0.000000000000000000e+00
6.100000000000000000e+01 0.000000000000000000e+00
6.200000000000000000e+01 0.000000000000000000e+00
6.300000000000000000e+01 0.000000000000000000e+00
6.400000000000000000e+01 0.000000000000000000e+00
6.500000000000000000e+01 0.000000000000000000e+00
6.600000000000000000e+01 0.000000000000000000e+00
6.700000000000000000e+01 0.000000000000000000e+00
6.800000000000000000e+01 0.000000000000000000e+00
6.900000000000000000e+01 9.929999999999999938e-01
7.000000000000000000e+01 9.931666666666666421e-01
7.100000000000000000e+01 9.989999999999999991e-01
7.200000000000000000e+01 1.000000000000000000e+00
7.300000000000000000e+01 9.991666666666666474e-01
7.400000000000000000e+01 9.991666666666666474e-01
7.500000000000000000e+01 9.993333333333332957e-01
7.600000000000000000e+01 9.995000000000000551e-01
7.700000000000000000e+01 9.981666666666666465e-01
7.800000000000000000e+01 9.969999999999999973e-01
7.900000000000000000e+01 6.310000000000000053e-01
8.000000000000000000e+01 8.426666666666666750e-01
8.100000000000000000e+01 8.435000000000000275e-01
8.200000000000000000e+01 8.436666666666666758e-01
8.300000000000000000e+01 8.500000000000000611e-03
8.400000000000000000e+01 6.666666666666666444e-04
8.500000000000000000e+01 0.000000000000000000e+00
8.600000000000000000e+01 5.831666666666667220e-01
8.700000000000000000e+01 5.831666666666667220e-01
8.800000000000000000e+01 5.831666666666667220e-01
8.900000000000000000e+01 0.000000000000000000e+00
9.000000000000000000e+01 0.000000000000000000e+00
9.100000000000000000e+01 0.000000000000000000e+00
9.200000000000000000e+01 0.000000000000000000e+00
9.300000000000000000e+01 0.000000000000000000e+00
9.400000000000000000e+01 0.000000000000000000e+00
9.500000000000000000e+01 0.000000000000000000e+00
9.600000000000000000e+01 0.000000000000000000e+00
9.700000000000000000e+01 0.000000000000000000e+00
9.800000000000000000e+01 0.000000000000000000e+00
9.900000000000000000e+01 0.000000000000000000e+00
1.000000000000000000e+02 0.000000000000000000e+00
1.010000000000000000e+02 0.000000000000000000e+00
1.020000000000000000e+02 0.000000000000000000e+00
1.030000000000000000e+02 9.693333333333333801e-01
1.040000000000000000e+02 9.696666666666666767e-01
1.050000000000000000e+02 9.861666666666666359e-01
1.060000000000000000e+02 9.966666666666667007e-01
1.070000000000000000e+02 9.886666666666666936e-01
1.080000000000000000e+02 9.903333333333332877e-01
1.090000000000000000e+02 9.403333333333333544e-01
1.100000000000000000e+02 1.824999999999999956e-01
1.110000000000000000e+02 1.153333333333333294e-01
1.120000000000000000e+02 6.866666666666666752e-02
1.130000000000000000e+02 2.450000000000000094e-02
1.140000000000000000e+02 1.716666666666666688e-02
1.150000000000000000e+02 1.833333333333333299e-03
1.160000000000000000e+02 6.666666666666666444e-04
1.170000000000000000e+02 0.000000000000000000e+00
1.180000000000000000e+02 0.000000000000000000e+00
1.190000000000000000e+02 9.959999999999999964e-01
1.200000000000000000e+02 9.991666666666666474e-01
1.210000000000000000e+02 9.998333333333333517e-01
1.220000000000000000e+02 9.989999999999999991e-01
1.230000000000000000e+02 1.000000000000000000e+00
1.240000000000000000e+02 1.000000000000000000e+00
1.250000000000000000e+02 1.000000000000000000e+00
1.260000000000000000e+02 1.000000000000000000e+00
1.270000000000000000e+02 1.000000000000000000e+00
1.280000000000000000e+02 9.998333333333333517e-01
1.290000000000000000e+02 9.993333333333332957e-01
1.300000000000000000e+02 9.911666666666666403e-01
1.310000000000000000e+02 7.733333333333333726e-02
1.320000000000000000e+02 1.750000000000000167e-02
1.330000000000000000e+02 0.000000000000000000e+00
1.340000000000000000e+02 0.000000000000000000e+00
1.350000000000000000e+02 0.000000000000000000e+00
1.360000000000000000e+02 9.991666666666666474e-01
1.370000000000000000e+02 1.000000000000000000e+00
1.380000000000000000e+02 1.000000000000000000e+00
1.390000000000000000e+02 1.000000000000000000e+00
1.400000000000000000e+02 1.000000000000000000e+00
1.410000000000000000e+02 1.000000000000000000e+00
1.420000000000000000e+02 1.000000000000000000e+00
1.430000000000000000e+02 1.000000000000000000e+00
1.440000000000000000e+02 9.993333333333332957e-01
1.450000000000000000e+02 9.981666666666666465e-01
1.460000000000000000e+02 6.648333333333333872e-01
1.470000000000000000e+02 4.580000000000000182e-01
1.480000000000000000e+02 0.000000000000000000e+00
1.490000000000000000e+02 0.000000000000000000e+00
1.500000000000000000e+02 0.000000000000000000e+00
1.510000000000000000e+02 9.935000000000000497e-01
1.520000000000000000e+02 9.971666666666666456e-01
1.530000000000000000e+02 1.000000000000000000e+00
1.540000000000000000e+02 1.000000000000000000e+00
1.550000000000000000e+02 9.995000000000000551e-01
1.560000000000000000e+02 1.000000000000000000e+00
1.570000000000000000e+02 1.000000000000000000e+00
1.580000000000000000e+02 9.998333333333333517e-01
1.590000000000000000e+02 9.998333333333333517e-01
1.600000000000000000e+02 4.339999999999999969e-01
1.610000000000000000e+02 2.258333333333333304e-01
1.620000000000000000e+02 1.621666666666666534e-01
1.630000000000000000e+02 0.000000000000000000e+00
1.640000000000000000e+02 0.000000000000000000e+00
1.650000000000000000e+02 0.000000000000000000e+00
1.660000000000000000e+02 0.000000000000000000e+00
1.670000000000000000e+02 0.000000000000000000e+00
1.680000000000000000e+02 0.000000000000000000e+00
1.690000000000000000e+02 9.963333333333332931e-01
1.700000000000000000e+02 9.983333333333332948e-01
1.710000000000000000e+02 9.983333333333332948e-01
1.720000000000000000e+02 9.976666666666667016e-01
1.730000000000000000e+02 9.936666666666666980e-01
1.740000000000000000e+02 9.873333333333332851e-01
1.750000000000000000e+02 9.868333333333333401e-01
1.760000000000000000e+02 6.588333333333333819e-01
1.770000000000000000e+02 5.333333333333333155e-03
1.780000000000000000e+02 0.000000000000000000e+00
1.790000000000000000e+02 0.000000000000000000e+00
1.800000000000000000e+02 9.948333333333333472e-01
1.810000000000000000e+02 9.971666666666666456e-01
1.820000000000000000e+02 1.000000000000000000e+00
1.830000000000000000e+02 1.000000000000000000e+00
1.840000000000000000e+02 1.000000000000000000e+00
1.850000000000000000e+02 1.000000000000000000e+00
1.860000000000000000e+02 1.000000000000000000e+00
1.870000000000000000e+02 9.998333333333333517e-01
1.880000000000000000e+02 9.948333333333333472e-01
1.890000000000000000e+02 9.576666666666666661e-01
1.900000000000000000e+02 5.703333333333333588e-01
1.910000000000000000e+02 0.000000000000000000e+00
1.920000000000000000e+02 0.000000000000000000e+00
1.930000000000000000e+02 0.000000000000000000e+00
1.940000000000000000e+02 9.981666666666666465e-01
1.950000000000000000e+02 9.995000000000000551e-01
1.960000000000000000e+02 9.995000000000000551e-01
1.970000000000000000e+02 1.000000000000000000e+00
1.980000000000000000e+02 1.000000000000000000e+00
1.990000000000000000e+02 1.000000000000000000e+00
2.000000000000000000e+02 1.000000000000000000e+00
2.010000000000000000e+02 1.000000000000000000e+00
2.020000000000000000e+02 1.000000000000000000e+00
2.030000000000000000e+02 1.000000000000000000e+00
2.040000000000000000e+02 1.000000000000000000e+00
2.050000000000000000e+02 1.000000000000000000e+00
2.060000000000000000e+02 1.000000000000000000e+00
2.070000000000000000e+02 1.000000000000000000e+00
2.080000000000000000e+02 9.998333333333333517e-01
2.090000000000000000e+02 9.996666666666667034e-01
2.100000000000000000e+02 9.918333333333333446e-01
2.110000000000000000e+02 7.045000000000000151e-01
2.120000000000000000e+02 5.913333333333333774e-01
2.130000000000000000e+02 0.000000000000000000e+00
2.140000000000000000e+02 0.000000000000000000e+00
2.150000000000000000e+02 0.000000000000000000e+00
2.160000000000000000e+02 0.000000000000000000e+00
2.170000000000000000e+02 9.895000000000000462e-01
2.180000000000000000e+02 9.979999999999999982e-01
2.190000000000000000e+02 9.983333333333332948e-01
2.200000000000000000e+02 9.996666666666667034e-01
2.210000000000000000e+02 9.993333333333332957e-01
2.220000000000000000e+02 9.945000000000000506e-01
2.230000000000000000e+02 9.866666666666666918e-01
2.240000000000000000e+02 3.499999999999999778e-01
2.250000000000000000e+02 5.000000000000000104e-04
2.260000000000000000e+02 0.000000000000000000e+00
2.270000000000000000e+02 0.000000000000000000e+00
2.280000000000000000e+02 0.000000000000000000e+00
2.290000000000000000e+02 9.989999999999999991e-01
2.300000000000000000e+02 1.000000000000000000e+00
2.310000000000000000e+02 1.000000000000000000e+00
2.320000000000000000e+02 1.000000000000000000e+00
2.330000000000000000e+02 1.000000000000000000e+00
2.340000000000000000e+02 1.000000000000000000e+00
2.350000000000000000e+02 1.000000000000000000e+00
2.360000000000000000e+02 1.000000000000000000e+00
2.370000000000000000e+02 1.000000000000000000e+00
2.380000000000000000e+02 9.989999999999999991e-01
2.390000000000000000e+02 9.989999999999999991e-01
2.400000000000000000e+02 9.020000000000000240e-01
2.410000000000000000e+02 3.333333333333333222e-04
2.420000000000000000e+02 0.000000000000000000e+00
2.430000000000000000e+02 0.000000000000000000e+00
2.440000000000000000e+02 9.821666666666666323e-01
2.450000000000000000e+02 9.821666666666666323e-01
2.460000000000000000e+02 9.828333333333333366e-01
2.470000000000000000e+02 9.988333333333333508e-01
2.480000000000000000e+02 9.749999999999999778e-01
2.490000000000000000e+02 8.121666666666667034e-01
2.500000000000000000e+02 6.949999999999999512e-01
2.510000000000000000e+02 8.616666666666666918e-02
2.520000000000000000e+02 8.833333333333333662e-03
2.530000000000000000e+02 2.666666666666666578e-03
2.540000000000000000e+02 0.000000000000000000e+00
